关
ibrary   : v2.8.4

Protocol  : UNKNOWN
Code      : 0x4227CEF8 (186 Bits)
uint16_t rawData[371] = {8994, 4416,  576, 522,  576, 520,  576, 520,  576, 522,  576, 522,  574, 1646,  576, 1646,  576, 522,  576, 522,  576, 522,  576, 522,  576, 1646,  576, 1646,  576, 1646,  576, 522,  576, 522,  574, 1648,  574, 1646,  576, 522,  576, 522,  576, 1646,  574, 522,  574, 522,  576, 522,  576, 522,  574, 522,  576, 522,  576, 522,  576, 1646,  574, 522,  576, 522,  576, 520,  576, 522,  576, 1646,  574, 522,  576, 1646,  574, 522,  576, 522,  576, 522,  576, 1646,  576, 522,  574, 522,  576, 522,  574, 524,  574, 522,  576, 522,  576, 522,  574, 522,  576, 522,  576, 522,  576, 1646,  576, 522,  576, 522,  574, 1648,  574, 1648,  574, 522,  574, 524,  574, 522,  574, 522,  574, 524,  574, 524,  574, 522,  574, 1648,  574, 522,  574, 1648,  574, 1648,  574, 522,  574, 1648,  574, 1648,  574, 524,  574, 522,  574, 1648,  574, 522,  574, 522,  574, 522,  574, 522,  574, 524,  574, 524,  574, 524,  574, 524,  574, 524,  574, 524,  574, 522,  574, 522,  574, 524,  574, 524,  574, 524,  574, 522,  574, 524,  572, 548,  550, 548,  548, 548,  548, 548,  548, 550,  548, 524,  574, 548,  550, 548,  550, 548,  550, 548,  550, 548,  548, 550,  548, 548,  548, 548,  550, 548,  550, 548,  548, 548,  548, 550,  548, 548,  548, 548,  548, 550,  548, 550,  548, 548,  548, 548,  548, 548,  548, 548,  548, 550,  548, 548,  548, 548,  548, 548,  548, 548,  548, 548,  548, 550,  548, 550,  548, 548,  548, 548,  548, 550,  548, 550,  548, 1676,  546, 548,  548, 1674,  548, 548,  548, 550,  546, 1674,  548, 550,  548, 550,  548, 1674,  548, 1674,  524, 1698,  524, 572,  548, 550,  524, 572,  524, 1698,  524, 1698,  548, 550,  524, 574,  524, 572,  524, 574,  522, 574,  524, 574,  522, 574,  524, 574,  524, 574,  524, 1698,  524, 574,  524, 1698,  522, 574,  524, 572,  524, 1698,  524, 574,  524, 574,  524, 572,  524, 574,  524, 574,  524, 574,  524, 574,  524, 574,  524, 574,  522, 574,  522, 574,  524, 574,  524, 574,  524, 574,  524, 574,  524, 574,  524, 574,  522, 574,  522, 1700,  522, 574,  522, 574,  522, 574,  522, 1700,  522, 1700,  522, 1700,  522, 576,  522};  // UNKNOWN 4227CEF8

开
Library   : v2.8.4

Protocol  : UNKNOWN
Code      : 0x99D03400 (186 Bits)
uint16_t rawData[371] = {8994, 4416,  574, 522,  576, 522,  576, 522,  574, 522,  576, 522,  576, 1648,  574, 1648,  576, 522,  576, 522,  576, 522,  576, 522,  576, 1646,  576, 1646,  576, 1646,  576, 522,  576, 522,  574, 1648,  574, 1648,  576, 522,  576, 522,  576, 1646,  576, 522,  576, 522,  576, 522,  576, 1648,  574, 522,  576, 522,  574, 522,  574, 1648,  574, 522,  576, 522,  576, 522,  574, 522,  574, 1648,  576, 522,  574, 1648,  574, 522,  576, 522,  574, 522,  574, 1648,  574, 522,  574, 524,  574, 522,  574, 522,  576, 522,  574, 524,  574, 522,  574, 522,  576, 522,  574, 522,  574, 1648,  576, 522,  574, 522,  574, 1648,  574, 1648,  576, 522,  574, 522,  574, 524,  574, 522,  574, 522,  576, 522,  576, 522,  574, 1648,  574, 522,  574, 522,  574, 1648,  574, 524,  574, 1648,  574, 522,  574, 1648,  574, 524,  574, 1648,  574, 524,  574, 524,  574, 524,  574, 524,  574, 522,  574, 524,  574, 524,  574, 524,  574, 524,  574, 524,  574, 522,  574, 524,  572, 524,  574, 524,  572, 524,  574, 524,  574, 524,  572, 524,  572, 548,  548, 524,  574, 524,  574, 524,  572, 524,  574, 524,  572, 548,  548, 548,  548, 548,  550, 548,  550, 548,  548, 548,  550, 548,  550, 548,  548, 548,  548, 548,  548, 550,  548, 548,  550, 548,  548, 548,  548, 548,  548, 550,  548, 550,  548, 548,  548, 550,  548, 548,  548, 548,  548, 548,  548, 548,  548, 550,  548, 548,  548, 548,  548, 550,  548, 548,  548, 548,  548, 550,  548, 548,  548, 1674,  548, 550,  548, 1674,  548, 550,  548, 548,  548, 1674,  548, 550,  548, 550,  548, 1674,  548, 1674,  548, 1676,  548, 550,  548, 550,  548, 550,  546, 1676,  548, 1674,  546, 550,  546, 550,  546, 550,  548, 552,  546, 550,  546, 550,  546, 550,  546, 550,  522, 574,  548, 1674,  524, 572,  524, 1700,  522, 574,  522, 574,  524, 1698,  522, 574,  524, 574,  522, 574,  522, 574,  524, 574,  522, 574,  524, 574,  524, 574,  524, 574,  524, 574,  524, 574,  522, 574,  522, 574,  522, 574,  524, 574,  522, 574,  522, 574,  522, 576,  522, 1700,  522, 574,  522, 576,  522, 576,  522, 574,  524, 574,  522, 1700,  522, 576,  522};  // UNKNOWN 99D03400